# /dev/cpu_dma_latency set to 0us
# Histogram
000000 000000
000001 000000
000002 000000
000003 000000
000004 000000
000005 000000
000006 000005
000007 000278
000008 000127
000009 000066
000010 000046
000011 000050
000012 000060
000013 000229
000014 000661
000015 000503
000016 000112
000017 000063
000018 000143
000019 000160
000020 000062
000021 000022
000022 000021
000023 000031
000024 000027
000025 000021
000026 000033
000027 000028
000028 000017
000029 000029
000030 000021
000031 000031
000032 000255
000033 000635
000034 000294
000035 000203
000036 000160
000037 000303
000038 000459
000039 000203
000040 000211
000041 000186
000042 000210
000043 000245
000044 000193
000045 000184
000046 000240
000047 000366
000048 000285
000049 000386
000050 000600
000051 000448
000052 000498
000053 000582
000054 003608
000055 021995
000056 035522
000057 014212
000058 003710
000059 001492
000060 000931
000061 000615
000062 000403
000063 000355
000064 000314
000065 000390
000066 000396
000067 000342
000068 000359
000069 000389
000070 000252
000071 000300
000072 000449
000073 000411
000074 000246
000075 000214
000076 000203
000077 000237
000078 000201
000079 000193
000080 000157
000081 000144
000082 000137
000083 000096
000084 000094
000085 000057
000086 000051
000087 000040
000088 000040
000089 000041
000090 000045
000091 000029
000092 000048
000093 000038
000094 000052
000095 000043
000096 000034
000097 000037
000098 000037
000099 000038
000100 000033
000101 000023
000102 000016
000103 000020
000104 000008
000105 000015
000106 000013
000107 000010
000108 000018
000109 000011
000110 000021
000111 000011
000112 000014
000113 000012
000114 000014
000115 000013
000116 000011
000117 000008
000118 000013
000119 000008
000120 000010
000121 000012
000122 000006
000123 000008
000124 000008
000125 000014
000126 000010
000127 000004
000128 000004
000129 000010
000130 000004
000131 000008
000132 000006
000133 000008
000134 000010
000135 000004
000136 000007
000137 000005
000138 000003
000139 000008
000140 000006
000141 000002
000142 000009
000143 000001
000144 000007
000145 000006
000146 000009
000147 000009
000148 000007
000149 000015
000150 000008
000151 000014
000152 000016
000153 000014
000154 000012
000155 000013
000156 000014
000157 000007
000158 000008
000159 000007
000160 000009
000161 000007
000162 000006
000163 000004
000164 000003
000165 000013
000166 000004
000167 000003
000168 000010
000169 000009
000170 000008
000171 000008
000172 000009
000173 000004
000174 000004
000175 000007
000176 000006
000177 000005
000178 000006
000179 000006
000180 000003
000181 000001
000182 000003
000183 000002
000184 000006
000185 000003
000186 000000
000187 000001
000188 000002
000189 000003
000190 000005
000191 000002
000192 000003
000193 000005
000194 000003
000195 000006
000196 000001
000197 000004
000198 000001
000199 000000
000200 000004
000201 000005
000202 000002
000203 000003
000204 000001
000205 000003
000206 000004
000207 000001
000208 000003
000209 000001
000210 000002
000211 000001
000212 000003
000213 000000
000214 000002
000215 000002
000216 000004
000217 000006
000218 000000
000219 000002
000220 000006
000221 000002
000222 000002
000223 000003
000224 000002
000225 000003
000226 000001
000227 000002
000228 000000
000229 000003
000230 000000
000231 000000
000232 000001
000233 000001
000234 000003
000235 000002
000236 000001
000237 000000
000238 000000
000239 000001
000240 000000
000241 000002
000242 000002
000243 000001
000244 000002
000245 000000
000246 000001
000247 000003
000248 000000
000249 000001
000250 000002
000251 000001
000252 000002
000253 000003
000254 000002
000255 000000
000256 000001
000257 000001
000258 000001
000259 000001
000260 000000
000261 000001
000262 000001
000263 000001
000264 000003
000265 000003
000266 000001
000267 000001
000268 000002
000269 000002
000270 000000
000271 000003
000272 000001
000273 000000
000274 000002
000275 000002
000276 000001
000277 000001
000278 000001
000279 000001
000280 000003
000281 000000
000282 000001
000283 000000
000284 000000
000285 000002
000286 000001
000287 000001
000288 000000
000289 000000
000290 000000
000291 000000
000292 000001
000293 000001
000294 000001
000295 000000
000296 000000
000297 000001
000298 000001
000299 000001
000300 000000
000301 000001
000302 000001
000303 000000
000304 000001
000305 000000
000306 000000
000307 000000
000308 000002
000309 000000
000310 000000
000311 000001
000312 000001
000313 000000
000314 000001
000315 000000
000316 000000
000317 000001
000318 000001
000319 000000
000320 000000
000321 000001
000322 000001
000323 000000
000324 000000
000325 000000
000326 000000
000327 000001
000328 000001
000329 000000
000330 000001
000331 000000
000332 000000
000333 000001
000334 000000
000335 000001
000336 000001
000337 000002
000338 000001
000339 000000
000340 000000
000341 000000
000342 000002
000343 000001
000344 000001
000345 000000
000346 000000
000347 000000
000348 000001
000349 000000
000350 000001
000351 000001
000352 000000
000353 000001
000354 000000
000355 000001
000356 000000
000357 000001
000358 000000
000359 000000
000360 000000
000361 000000
000362 000001
000363 000001
000364 000000
000365 000001
000366 000000
000367 000001
000368 000000
000369 000000
000370 000000
000371 000000
000372 000000
000373 000000
000374 000000
000375 000000
000376 000000
000377 000000
000378 000000
000379 000000
000380 000000
000381 000000
000382 000000
000383 000000
000384 000000
000385 000000
000386 000000
000387 000000
000388 000000
000389 000000
000390 000000
000391 000000
000392 000000
000393 000000
000394 000000
000395 000000
000396 000000
000397 000000
000398 000000
000399 000000
000400 000000
000401 000000
000402 000000
000403 000000
000404 000000
000405 000000
000406 000000
000407 000000
000408 000001
000409 000002
000410 000000
000411 000000
000412 000000
000413 000000
000414 000000
000415 000000
000416 000000
000417 000000
000418 000001
000419 000000
000420 000000
000421 000001
000422 000001
000423 000000
000424 000000
000425 000000
000426 000000
000427 000000
000428 000000
000429 000000
000430 000000
000431 000000
000432 000000
000433 000000
000434 000000
000435 000000
000436 000000
000437 000000
000438 000000
000439 000000
000440 000000
000441 000000
000442 000000
000443 000000
000444 000000
000445 000000
000446 000000
000447 000000
000448 000000
000449 000000
000450 000000
000451 000000
000452 000000
000453 000000
000454 000000
000455 000000
000456 000000
000457 000000
000458 000000
000459 000000
000460 000000
000461 000000
000462 000000
000463 000000
000464 000000
000465 000000
000466 000000
000467 000001
000468 000000
000469 000001
000470 000000
000471 000000
000472 000000
000473 000000
000474 000000
000475 000000
000476 000000
000477 000000
000478 000000
000479 000000
000480 000000
000481 000000
000482 000000
000483 000000
000484 000000
000485 000000
000486 000000
000487 000000
000488 000000
000489 000000
000490 000000
000491 000000
000492 000000
000493 000000
000494 000000
000495 000000
000496 000000
000497 000001
000498 000000
000499 000001
000500 000000
000501 000000
000502 000000
000503 000000
000504 000000
000505 000000
000506 000000
000507 000000
000508 000000
000509 000000
000510 000000
000511 000000
000512 000000
000513 000000
000514 000001
000515 000000
000516 000000
000517 000000
000518 000000
000519 000000
000520 000000
000521 000000
000522 000000
000523 000000
000524 000000
000525 000001
000526 000000
000527 000000
000528 000000
000529 000000
000530 000000
000531 000000
000532 000000
000533 000000
000534 000000
000535 000000
000536 000000
000537 000000
000538 000000
000539 000000
000540 000000
000541 000000
000542 000000
000543 000000
000544 000000
000545 000000
000546 000000
000547 000000
000548 000000
000549 000000
000550 000000
000551 000000
000552 000000
000553 000000
000554 000000
000555 000000
000556 000000
000557 000000
000558 000000
000559 000000
000560 000000
000561 000000
000562 000000
000563 000000
000564 000000
000565 000000
000566 000000
000567 000000
000568 000000
000569 000000
000570 000000
000571 000000
000572 000000
000573 000000
000574 000000
000575 000000
000576 000000
000577 000000
000578 000000
000579 000000
000580 000000
000581 000000
000582 000000
000583 000000
000584 000000
000585 000000
000586 000000
000587 000000
000588 000000
000589 000000
000590 000000
000591 000000
000592 000000
000593 000000
000594 000000
000595 000000
000596 000000
000597 000000
000598 000000
000599 000000
000600 000000
000601 000000
000602 000000
000603 000000
000604 000000
000605 000000
000606 000000
000607 000000
000608 000000
000609 000000
000610 000000
000611 000000
000612 000000
000613 000000
000614 000000
000615 000000
000616 000000
000617 000000
000618 000000
000619 000000
000620 000000
000621 000000
000622 000000
000623 000000
000624 000000
000625 000000
000626 000000
000627 000000
000628 000000
000629 000000
000630 000000
000631 000000
000632 000000
000633 000000
000634 000000
000635 000000
000636 000000
000637 000000
000638 000000
000639 000000
000640 000000
000641 000000
000642 000000
000643 000000
000644 000000
000645 000000
000646 000000
000647 000000
000648 000000
000649 000000
000650 000000
000651 000000
000652 000000
000653 000000
000654 000000
000655 000000
000656 000000
000657 000001
000658 000000
000659 000000
000660 000000
000661 000000
000662 000000
000663 000000
000664 000000
000665 000000
000666 000000
000667 000000
000668 000000
000669 000000
000670 000000
000671 000000
000672 000000
000673 000000
000674 000000
000675 000001
000676 000000
000677 000000
000678 000000
000679 000000
000680 000000
000681 000000
000682 000000
000683 000000
000684 000000
000685 000000
000686 000000
000687 000000
000688 000000
000689 000000
000690 000000
000691 000000
000692 000000
000693 000000
000694 000000
000695 000000
000696 000000
000697 000000
000698 000000
000699 000000
000700 000000
000701 000000
000702 000000
000703 000000
000704 000000
000705 000000
000706 000000
000707 000000
000708 000000
000709 000000
000710 000000
000711 000000
000712 000000
000713 000000
000714 000000
000715 000000
000716 000000
000717 000000
000718 000000
000719 000000
000720 000000
000721 000000
000722 000000
000723 000000
000724 000000
000725 000000
000726 000000
000727 000000
000728 000000
000729 000000
000730 000000
000731 000000
000732 000000
000733 000000
000734 000000
000735 000000
000736 000001
000737 000000
000738 000000
000739 000000
000740 000000
000741 000000
000742 000000
000743 000000
000744 000000
000745 000000
000746 000000
000747 000000
000748 000000
000749 000000
000750 000000
000751 000000
000752 000000
000753 000000
000754 000000
000755 000000
000756 000000
000757 000000
000758 000000
000759 000000
000760 000000
000761 000000
000762 000000
000763 000000
000764 000000
000765 000000
000766 000000
000767 000000
000768 000000
000769 000000
000770 000000
000771 000000
000772 000000
000773 000000
000774 000000
000775 000000
000776 000000
000777 000000
000778 000000
000779 000000
000780 000000
000781 000000
000782 000000
000783 000000
000784 000000
000785 000000
000786 000000
000787 000000
000788 000000
000789 000000
000790 000000
000791 000000
000792 000000
000793 000000
000794 000000
000795 000000
000796 000000
000797 000000
000798 000000
000799 000000
000800 000000
000801 000000
000802 000000
000803 000000
000804 000000
000805 000000
000806 000000
000807 000000
000808 000000
000809 000000
000810 000001
000811 000000
000812 000000
000813 000000
000814 000000
000815 000000
000816 000000
000817 000000
000818 000000
000819 000000
000820 000000
000821 000000
000822 000000
000823 000000
000824 000000
000825 000000
000826 000000
000827 000000
000828 000000
000829 000000
000830 000000
000831 000000
000832 000001
000833 000000
000834 000000
000835 000000
000836 000000
000837 000000
000838 000000
000839 000000
000840 000000
000841 000000
000842 000000
000843 000000
000844 000000
000845 000000
000846 000000
000847 000000
000848 000000
000849 000000
000850 000000
000851 000000
000852 000000
000853 000000
000854 000000
000855 000000
000856 000000
000857 000000
000858 000000
000859 000000
000860 000000
000861 000000
000862 000000
000863 000000
000864 000000
000865 000000
000866 000000
000867 000000
000868 000000
000869 000000
000870 000000
000871 000000
000872 000000
000873 000000
000874 000000
000875 000000
000876 000000
000877 000000
000878 000000
000879 000000
000880 000000
000881 000000
000882 000000
000883 000000
000884 000000
000885 000000
000886 000000
000887 000000
000888 000000
000889 000000
000890 000000
000891 000000
000892 000000
000893 000000
000894 000000
000895 000000
000896 000000
000897 000000
000898 000000
000899 000000
000900 000000
000901 000000
000902 000000
000903 000000
000904 000000
000905 000000
000906 000000
000907 000000
000908 000000
000909 000000
000910 000000
000911 000000
000912 000000
000913 000000
000914 000000
000915 000000
000916 000000
000917 000000
000918 000000
000919 000000
000920 000000
000921 000000
000922 000000
000923 000000
000924 000000
000925 000000
000926 000000
000927 000000
000928 000000
000929 000000
000930 000000
000931 000000
000932 000000
000933 000000
000934 000000
000935 000000
000936 000000
000937 000000
000938 000000
000939 000000
000940 000000
000941 000000
000942 000000
000943 000000
000944 000000
000945 000000
000946 000000
000947 000000
000948 000000
000949 000000
000950 000000
000951 000000
000952 000000
000953 000000
000954 000000
000955 000000
000956 000000
000957 000000
000958 000000
000959 000000
000960 000000
000961 000000
000962 000000
000963 000000
000964 000000
000965 000000
000966 000000
000967 000000
000968 000000
000969 000000
000970 000000
000971 000000
000972 000000
000973 000000
000974 000000
000975 000000
000976 000000
000977 000000
000978 000000
000979 000000
000980 000000
000981 000000
000982 000000
000983 000000
000984 000000
000985 000000
000986 000000
000987 000000
000988 000000
000989 000000
000990 000000
000991 000000
000992 000000
000993 000000
000994 000000
000995 000000
000996 000000
000997 000000
000998 000000
000999 000000
# Total: 000100000
# Min Latencies: 00006
# Avg Latencies: 00056
# Max Latencies: 00832
# Histogram Overflows: 00000
# Histogram Overflow at cycle number:
# Thread 0:

