# /dev/cpu_dma_latency set to 0us
# Histogram
000000 000000
000001 000000
000002 000000
000003 000000
000004 000000
000005 000000
000006 000000
000007 000000
000008 000002
000009 000003
000010 000004
000011 000201
000012 000397
000013 000215
000014 000212
000015 000127
000016 000545
000017 003732
000018 005793
000019 001569
000020 000680
000021 000311
000022 000169
000023 000196
000024 000244
000025 000182
000026 000191
000027 000219
000028 000271
000029 000237
000030 000229
000031 000304
000032 000414
000033 000317
000034 000279
000035 000200
000036 000191
000037 000153
000038 000129
000039 000141
000040 000127
000041 000126
000042 000120
000043 000155
000044 000151
000045 000276
000046 000760
000047 000914
000048 000538
000049 001223
000050 006639
000051 008363
000052 003663
000053 003269
000054 008538
000055 020334
000056 013710
000057 003820
000058 001366
000059 000673
000060 000622
000061 000709
000062 000593
000063 000347
000064 000292
000065 000277
000066 000271
000067 000292
000068 000258
000069 000255
000070 000198
000071 000149
000072 000250
000073 000254
000074 000135
000075 000124
000076 000134
000077 000129
000078 000132
000079 000131
000080 000134
000081 000108
000082 000087
000083 000068
000084 000068
000085 000044
000086 000054
000087 000049
000088 000032
000089 000041
000090 000025
000091 000022
000092 000023
000093 000028
000094 000025
000095 000019
000096 000022
000097 000014
000098 000011
000099 000007
000100 000011
000101 000015
000102 000011
000103 000009
000104 000010
000105 000010
000106 000006
000107 000001
000108 000009
000109 000008
000110 000005
000111 000007
000112 000004
000113 000004
000114 000002
000115 000005
000116 000006
000117 000003
000118 000005
000119 000005
000120 000004
000121 000004
000122 000006
000123 000002
000124 000003
000125 000006
000126 000007
000127 000003
000128 000003
000129 000005
000130 000007
000131 000002
000132 000002
000133 000004
000134 000001
000135 000006
000136 000002
000137 000005
000138 000006
000139 000005
000140 000005
000141 000004
000142 000006
000143 000003
000144 000005
000145 000002
000146 000000
000147 000005
000148 000005
000149 000003
000150 000002
000151 000005
000152 000001
000153 000004
000154 000001
000155 000001
000156 000003
000157 000000
000158 000000
000159 000003
000160 000001
000161 000002
000162 000001
000163 000002
000164 000000
000165 000001
000166 000002
000167 000001
000168 000001
000169 000001
000170 000002
000171 000002
000172 000001
000173 000000
000174 000000
000175 000000
000176 000000
000177 000000
000178 000002
000179 000000
000180 000000
000181 000002
000182 000001
000183 000002
000184 000001
000185 000000
000186 000001
000187 000001
000188 000001
000189 000000
000190 000001
000191 000000
000192 000000
000193 000001
000194 000001
000195 000001
000196 000000
000197 000000
000198 000001
000199 000000
000200 000003
000201 000000
000202 000001
000203 000000
000204 000000
000205 000001
000206 000003
000207 000000
000208 000001
000209 000001
000210 000002
000211 000001
000212 000001
000213 000000
000214 000000
000215 000000
000216 000001
000217 000000
000218 000000
000219 000001
000220 000000
000221 000000
000222 000001
000223 000000
000224 000000
000225 000001
000226 000000
000227 000001
000228 000001
000229 000001
000230 000000
000231 000002
000232 000002
000233 000000
000234 000001
000235 000000
000236 000001
000237 000001
000238 000001
000239 000000
000240 000000
000241 000000
000242 000002
000243 000002
000244 000000
000245 000000
000246 000000
000247 000002
000248 000003
000249 000001
000250 000001
000251 000000
000252 000004
000253 000001
000254 000000
000255 000000
000256 000001
000257 000001
000258 000000
000259 000000
000260 000000
000261 000000
000262 000001
000263 000000
000264 000000
000265 000001
000266 000000
000267 000000
000268 000000
000269 000000
000270 000001
000271 000000
000272 000000
000273 000000
000274 000001
000275 000001
000276 000000
000277 000001
000278 000001
000279 000000
000280 000000
000281 000001
000282 000003
000283 000001
000284 000000
000285 000000
000286 000000
000287 000001
000288 000000
000289 000001
000290 000000
000291 000000
000292 000001
000293 000001
000294 000001
000295 000000
000296 000000
000297 000000
000298 000001
000299 000000
000300 000000
000301 000000
000302 000000
000303 000000
000304 000000
000305 000000
000306 000000
000307 000000
000308 000000
000309 000000
000310 000000
000311 000001
000312 000001
000313 000000
000314 000000
000315 000000
000316 000000
000317 000001
000318 000000
000319 000000
000320 000000
000321 000003
000322 000001
000323 000000
000324 000000
000325 000000
000326 000000
000327 000000
000328 000000
000329 000001
000330 000000
000331 000000
000332 000000
000333 000000
000334 000000
000335 000000
000336 000000
000337 000000
000338 000000
000339 000001
000340 000001
000341 000000
000342 000000
000343 000000
000344 000001
000345 000001
000346 000000
000347 000000
000348 000000
000349 000001
000350 000000
000351 000000
000352 000002
000353 000000
000354 000000
000355 000000
000356 000000
000357 000000
000358 000000
000359 000000
000360 000000
000361 000000
000362 000000
000363 000001
000364 000000
000365 000000
000366 000000
000367 000000
000368 000001
000369 000000
000370 000001
000371 000000
000372 000000
000373 000001
000374 000000
000375 000001
000376 000000
000377 000000
000378 000000
000379 000000
000380 000000
000381 000000
000382 000000
000383 000000
000384 000000
000385 000000
000386 000000
000387 000000
000388 000000
000389 000001
000390 000000
000391 000000
000392 000001
000393 000000
000394 000000
000395 000000
000396 000000
000397 000000
000398 000001
000399 000000
000400 000000
000401 000001
000402 000002
000403 000000
000404 000001
000405 000001
000406 000000
000407 000001
000408 000000
000409 000000
000410 000000
000411 000000
000412 000000
000413 000000
000414 000000
000415 000000
000416 000000
000417 000000
000418 000000
000419 000000
000420 000000
000421 000000
000422 000001
000423 000000
000424 000000
000425 000000
000426 000000
000427 000000
000428 000001
000429 000000
000430 000000
000431 000000
000432 000000
000433 000000
000434 000000
000435 000000
000436 000000
000437 000000
000438 000001
000439 000001
000440 000000
000441 000000
000442 000001
000443 000000
000444 000001
000445 000000
000446 000000
000447 000000
000448 000000
000449 000000
000450 000000
000451 000000
000452 000000
000453 000000
000454 000000
000455 000000
000456 000000
000457 000000
000458 000000
000459 000001
000460 000001
000461 000000
000462 000000
000463 000000
000464 000000
000465 000000
000466 000001
000467 000001
000468 000000
000469 000000
000470 000000
000471 000000
000472 000000
000473 000000
000474 000001
000475 000001
000476 000000
000477 000001
000478 000001
000479 000000
000480 000000
000481 000000
000482 000000
000483 000000
000484 000000
000485 000000
000486 000000
000487 000000
000488 000000
000489 000000
000490 000000
000491 000000
000492 000000
000493 000000
000494 000000
000495 000000
000496 000000
000497 000001
000498 000001
000499 000001
000500 000001
000501 000000
000502 000000
000503 000001
000504 000000
000505 000002
000506 000000
000507 000000
000508 000000
000509 000000
000510 000000
000511 000000
000512 000004
000513 000005
000514 000002
000515 000003
000516 000003
000517 000001
000518 000001
000519 000001
000520 000000
000521 000000
000522 000004
000523 000004
000524 000000
000525 000003
000526 000001
000527 000002
000528 000000
000529 000003
000530 000001
000531 000000
000532 000000
000533 000001
000534 000000
000535 000001
000536 000001
000537 000001
000538 000001
000539 000001
000540 000001
000541 000001
000542 000000
000543 000000
000544 000000
000545 000001
000546 000000
000547 000001
000548 000000
000549 000000
000550 000000
000551 000001
000552 000002
000553 000000
000554 000000
000555 000001
000556 000001
000557 000002
000558 000001
000559 000000
000560 000001
000561 000003
000562 000001
000563 000001
000564 000000
000565 000001
000566 000001
000567 000001
000568 000000
000569 000000
000570 000000
000571 000000
000572 000000
000573 000000
000574 000000
000575 000000
000576 000001
000577 000000
000578 000000
000579 000000
000580 000000
000581 000000
000582 000000
000583 000001
000584 000000
000585 000001
000586 000000
000587 000000
000588 000001
000589 000001
000590 000000
000591 000000
000592 000000
000593 000000
000594 000000
000595 000000
000596 000000
000597 000000
000598 000001
000599 000000
000600 000000
000601 000000
000602 000000
000603 000000
000604 000000
000605 000000
000606 000000
000607 000000
000608 000000
000609 000000
000610 000000
000611 000000
000612 000001
000613 000001
000614 000000
000615 000000
000616 000000
000617 000000
000618 000000
000619 000000
000620 000000
000621 000000
000622 000000
000623 000000
000624 000000
000625 000000
000626 000000
000627 000000
000628 000000
000629 000000
000630 000001
000631 000000
000632 000000
000633 000000
000634 000000
000635 000000
000636 000000
000637 000000
000638 000000
000639 000000
000640 000001
000641 000000
000642 000000
000643 000000
000644 000000
000645 000000
000646 000000
000647 000001
000648 000000
000649 000000
000650 000000
000651 000001
000652 000000
000653 000001
000654 000001
000655 000002
000656 000000
000657 000001
000658 000002
000659 000000
000660 000000
000661 000000
000662 000000
000663 000001
000664 000000
000665 000000
000666 000001
000667 000000
000668 000001
000669 000000
000670 000000
000671 000000
000672 000000
000673 000000
000674 000000
000675 000001
000676 000001
000677 000000
000678 000000
000679 000000
000680 000000
000681 000000
000682 000001
000683 000000
000684 000000
000685 000002
000686 000000
000687 000000
000688 000000
000689 000000
000690 000000
000691 000000
000692 000001
000693 000000
000694 000001
000695 000000
000696 000000
000697 000000
000698 000000
000699 000000
000700 000000
000701 000000
000702 000000
000703 000000
000704 000000
000705 000000
000706 000000
000707 000000
000708 000000
000709 000000
000710 000000
000711 000000
000712 000000
000713 000000
000714 000000
000715 000000
000716 000000
000717 000000
000718 000000
000719 000000
000720 000000
000721 000000
000722 000000
000723 000000
000724 000000
000725 000000
000726 000000
000727 000000
000728 000000
000729 000000
000730 000001
000731 000000
000732 000001
000733 000001
000734 000000
000735 000000
000736 000000
000737 000000
000738 000001
000739 000000
000740 000001
000741 000000
000742 000000
000743 000000
000744 000000
000745 000000
000746 000000
000747 000000
000748 000001
000749 000000
000750 000000
000751 000000
000752 000001
000753 000000
000754 000000
000755 000000
000756 000000
000757 000000
000758 000000
000759 000000
000760 000000
000761 000000
000762 000001
000763 000000
000764 000000
000765 000000
000766 000000
000767 000000
000768 000000
000769 000000
000770 000001
000771 000000
000772 000000
000773 000000
000774 000000
000775 000001
000776 000000
000777 000000
000778 000001
000779 000000
000780 000000
000781 000000
000782 000000
000783 000000
000784 000000
000785 000000
000786 000000
000787 000000
000788 000000
000789 000001
000790 000000
000791 000000
000792 000000
000793 000000
000794 000000
000795 000001
000796 000000
000797 000000
000798 000000
000799 000000
000800 000000
000801 000001
000802 000000
000803 000000
000804 000000
000805 000000
000806 000000
000807 000000
000808 000000
000809 000001
000810 000000
000811 000000
000812 000000
000813 000000
000814 000000
000815 000000
000816 000000
000817 000000
000818 000000
000819 000000
000820 000000
000821 000001
000822 000000
000823 000000
000824 000000
000825 000000
000826 000000
000827 000000
000828 000000
000829 000000
000830 000000
000831 000000
000832 000000
000833 000000
000834 000000
000835 000000
000836 000000
000837 000000
000838 000000
000839 000000
000840 000000
000841 000000
000842 000000
000843 000000
000844 000000
000845 000001
000846 000000
000847 000000
000848 000000
000849 000000
000850 000000
000851 000001
000852 000000
000853 000000
000854 000001
000855 000000
000856 000001
000857 000001
000858 000000
000859 000000
000860 000001
000861 000000
000862 000001
000863 000000
000864 000000
000865 000000
000866 000000
000867 000002
000868 000000
000869 000000
000870 000000
000871 000000
000872 000000
000873 000000
000874 000000
000875 000000
000876 000000
000877 000000
000878 000000
000879 000000
000880 000000
000881 000000
000882 000001
000883 000000
000884 000000
000885 000000
000886 000000
000887 000000
000888 000001
000889 000001
000890 000000
000891 000000
000892 000000
000893 000000
000894 000001
000895 000000
000896 000001
000897 000001
000898 000002
000899 000001
000900 000005
000901 000005
000902 000007
000903 000013
000904 000013
000905 000007
000906 000016
000907 000014
000908 000010
000909 000014
000910 000013
000911 000013
000912 000018
000913 000010
000914 000010
000915 000013
000916 000015
000917 000016
000918 000007
000919 000014
000920 000009
000921 000005
000922 000008
000923 000005
000924 000001
000925 000003
000926 000005
000927 000002
000928 000006
000929 000002
000930 000000
000931 000003
000932 000003
000933 000002
000934 000003
000935 000002
000936 000000
000937 000002
000938 000002
000939 000001
000940 000001
000941 000002
000942 000000
000943 000002
000944 000002
000945 000000
000946 000000
000947 000001
000948 000001
000949 000001
000950 000002
000951 000000
000952 000000
000953 000000
000954 000002
000955 000001
000956 000000
000957 000000
000958 000000
000959 000000
000960 000000
000961 000000
000962 000000
000963 000000
000964 000001
000965 000000
000966 000000
000967 000000
000968 000000
000969 000000
000970 000000
000971 000000
000972 000000
000973 000000
000974 000000
000975 000001
000976 000000
000977 000000
000978 000001
000979 000000
000980 000001
000981 000001
000982 000000
000983 000000
000984 000000
000985 000000
000986 000000
000987 000000
000988 000000
000989 000000
000990 000000
000991 000000
000992 000000
000993 000000
000994 000000
000995 000000
000996 000000
000997 000000
000998 000000
000999 000000
# Total: 000099925
# Min Latencies: 00008
# Avg Latencies: 00053
# Max Latencies: 02719
# Histogram Overflows: 00075
# Histogram Overflow at cycle number:
# Thread 0: 22968 22970 22977 22981 22988 24258 24265 24266 24275 54424 54432 54447 54454 54535 54549 54551 54614 54615 54616 54621 54637 54638 54668 54695 54696 54697 54707 54713 54739 54741 54752 54756 54763 54779 54784 54847 54873 54889 54924 54941 54950 54956 54991 54998 55041 55050 55051 55058 55061 55072 55073 55097 55112 55147 55150 55151 55160 55162 55165 55197 55198 55199 55200 55207 55211 55222 55234 55235 55238 55240 75175 75209 75587 75591 75598

